29
36
57
49
29
207
21
202
49
52
28
54
203
205
201
35
14
59
52
23
55
202
55
22
202
53
207
57
203
56
202
54
55
57
25
202
52
206
203
56
202
205
24
43
209
34
16
202
16
59
54
54
209
45
55
12
55
13
58
13
202
52
54
205
59
208
47
31
51
58
59
39
56
204
29
207
56
31
48
48
204
207
36
37
53
51
44
52
26
59
206
43
208
15
204
205
52
206
207
209
38
34
36
58
205
54
25
32
55
59
207
204
27
46
206
54
203
57
203
53
204
206
22
201
51
202
57
51
44
56
52
44
36
207
59
42
41
52
55
208
53
51
202
51
202
205
59
202
208
47
51
14
56
33
206
58
202
202
37
206
208
204
201
57
55
49
54
52
55
53
57
55
11
59
52
59
53
201
26
206
54
203
202
53
53
207
205
51
58
201
202
57
204
58
55
58
204
51
203
205
203
19
44
53
32
39
54
57
26
12
33
58
201
202
201
206
12
209
51
55
42
203
206
205
54
208
206
44
207
26
56
55
204
207
207
207
53
57
209
46
56
55
28
53
207
203
17
46
201
57
24
209
54
38
25
51
201
209
203
21
53
56
21
46
204
57
52
55
49
46
51
202
42
205
45
205
14
21
19
29
55
55
208
53
52
52
28
207
207
54
55
208
58
46
47
52
48
207
205
52
51
48
205
29
58
59
209
14
57
208
35
48
51
202
19
204
52
53
39
202
51
207
14
14
54
53
205
14
53
56
43
41
51
31
207
54
202
49
47
202
55
38
202
46
201
57
27
31
52
204
52
23
49
201
206
51
53
201
205
208
36
204
57
204
56
204
59
207
51
58
202
201
54
28
208
55
204
202
51
204
58
54
201
57
201
203
13
49
59
203
205
207
54
57
19
57
49
12
44
16
51
45
206
42
206
38
204
209
47
202
204
54
55
41
59
58
205
54
24
204
208
207
48
44
56
17
204
202
41
202
27
29
205
51
59
19
51
18
202
202
206
32
54
203
204
36
34
57
203
58
59
205
207
204
209
209
32
45
32
16
39
56
48
53
37
16
52
53
12
52
29
52
56
34
44
203
49
29
204
206
58
205
51
52
56
207
206
51
205
204
55
24
58
59
55
51
59
56
204
205
48
205
49
45
54
202
55
18
56
53
55
43
203
31
59
59
51
209
57
209
58
45
201
55
47
35
31
202
206
204
14
21
48
201
17
18
17
12
15
203
202
52
56
58
51
56
13
25
41
59
59
207
38
12
202
205
204
201
207
57
209
203
53
55
203
49
18
55
19
15
59
55
45
17
11
21
58
22
52
11
52
51
53
54
206
19
201
205
22
34
26
202
204
208
204
42
207
55
209
55
55
36
206
208
54
54
47
209
58
51
206
34
34
58
55
53
206
23
14
23
57
58
55
18
17
203
205
205
201
53
209
208
207
208
59
31
204
202
208
21
59
11
55
59
202
49
37
201
52
46
24
59
36
36
209
54
12
59
31
26
46
58
203
51
23
18
45
56
201
37
51
37
57
201
58
51
53
37
204
52
201
29
51
58
32
208
207
36
205
37
205
208
46
207
55
38
58
58
26
44
57
54
54
202
204
208
43
208
23
45
59
54
56
207
56
42
12
54
204
21
208
201
207
203
205
55
49
58
204
55
205
59
203
41
41
203
209
55
203
58
51
58
53
204
58
17
42
209
43
206
51
52
18
56
204
52
202
38
207
202
52
209
41
54
53
45
57
33
19
201
205
204
41
209
56
51
33
202
208
51
42
51
28
14
38
202
39
205
54
51
202
55
205
18
207
47
42
201
12
54
207
204
53
57
53
202
206
55
203
205
49
207
51
52
52
17
45
209
201
202
205
41
18
57
205
52
201
53
202
45
55
204
202
38
54
202
52
202
18
202
54
207
57
55
207
208
57
208
204
57
57
37
34
55
53
53
206
207
47
18
39
206
207
203
46
31
35
201
207
57
53
209
48
22
57
204
201
42
37
39
202
57
57
56
209
14
208
205
209
203
18
53
17
53
54
53
49
54
202
49
34
51
206
46
58
207
24
57
52
202
37
206
38
207
202
34
53
53
208
202
58
57
51
54
19
32
207
208
46
51
202
47
203
55
25
55
55
16
56
49
54
46
208
29
15
11
44
33
47
37
36
33
55
55
58
42
205
206
28
208
207
201
201
52
56
202
206
58
15
57
57
209
25
54
51
58
32
38
58
33
54
58
205
44
12
206
51
206
57
55
55
205
209
208
58
56
205
59
209
20